0.9424  11.6974  0.0000   
7.1558  49.4736  0.0000   
8.3301  33.7311  0.0000   
5.3278  47.0581  0.0000   
8.4308  20.0684  0.0000   
17.8772 26.7990  0.0000   
10.0873 32.7316  0.0000   
6.3660  32.0786  0.0000   
5.1166  29.0192  0.0000   
16.9287 30.2002  0.0000   
6.7871  29.1656  0.0000   
11.5808 33.8058  0.0000   
16.6187 21.6003  0.0000   
14.4135 10.6689  0.0000   
5.1282  13.6093  0.0000   
3.2959  2.1866   0.0000   
2.1429  10.2203  0.0000   
7.7106  45.8649  0.0000   
2.3120  29.1336  0.0000   
3.3417  22.1344  0.0000   
1.4343  34.4849  5.0000   
4.0558  20.7779  5.0000   
9.2401  47.2824  5.0000   
1.8799  47.3175  5.0000   
14.2303 15.3076  5.0000   
15.6195 14.6408  5.0000   
6.2238  0.3021   5.0000   
18.7323 40.2008  5.0000   
12.2150 15.2588  5.0000   
7.0837  44.0964  5.0000   
11.1829 19.6136  5.0000   
17.2107 18.3334  5.0000   
3.4692  5.1651   5.0000   
15.7208 12.6083  5.0000   
0.3497  30.5359  5.0000   
10.4431 6.8863   5.0000   
9.4281  36.9659  5.0000   
3.9709  16.1285  5.0000   
1.4740  3.2761   5.0000   
0.2032  47.4442  5.0000   
14.3317 22.8073  10.0000  
4.5227  5.0095   10.0000  
19.5245 10.1379  10.0000  
8.2361  13.0417  10.0000  
7.1777  20.4010  10.0000  
17.8876 2.1667   10.0000  
14.8907 39.0121  10.0000  
0.0897  29.4571  10.0000  
16.1749 24.6231  10.0000  
2.4811  27.4963  10.0000  
14.0900 13.0997  10.0000  
1.4417  2.7435   10.0000  
15.6982 15.3656  10.0000  
17.1979 28.5355  10.0000  
12.9663 16.8839  10.0000  
6.9263  3.0258   10.0000  
5.7379  11.6348  10.0000  
16.4948 17.3813  10.0000  
12.3969 28.3600  10.0000  
1.4630  4.5380   10.0000  
3.8568  31.9122  15.0000  
17.9626 13.8474  15.0000  
6.4923  7.5134   15.0000  
14.0863 31.9061  15.0000  
9.6411  10.7437  15.0000  
2.4097  44.8868  15.0000  
3.3026  41.0446  15.0000  
4.2719  12.6953  15.0000  
1.6547  21.5988  15.0000  
6.4368  0.2487   15.0000  
18.0182 43.3441  15.0000  
0.7654  36.1954  15.0000  
6.8903  5.9753   15.0000  
7.5171  44.3954  15.0000  
18.6737 13.7238  15.0000  
12.9108 18.4601  15.0000  
2.7252  8.7402   15.0000  
1.5717  34.6695  15.0000  
4.3512  49.8840  15.0000  
14.4788 23.5947  15.0000  
11.3727 19.7388  20.0000  
13.0518 45.7016  20.0000  
15.8838 17.6544  20.0000  
19.9933 41.2964  20.0000  
6.8347  21.6476  20.0000  
17.5128 0.0778   20.0000  
19.0570 26.9577  20.0000  
13.5614 20.6467  20.0000  
14.3573 44.0720  20.0000  
16.6956 5.2567   20.0000  
0.3137  14.0411  20.0000  
10.2014 10.1425  20.0000  
2.3822  23.8953  20.0000  
6.1023  46.7255  20.0000  
14.9573 29.9545  20.0000  
9.6698  3.9963   20.0000  
6.9983  21.8872  20.0000  
15.0751 37.4237  20.0000  
7.8534  35.2753  20.0000  
2.7899  44.6609  20.0000  
8.8989  45.5521  25.0000  
19.3762 23.3978  25.0000  
6.6333  1.0834   25.0000  
10.2802 31.6345  25.0000  
2.8314  28.2303  25.0000  
6.2622  45.7260  25.0000  
7.3993  16.1926  25.0000  
14.0820 36.4853  25.0000  
19.5508 14.4501  25.0000  
12.0667 8.6685   25.0000  
12.9242 0.6180   25.0000  
1.1884  24.1501  25.0000  
0.2740  1.5259   25.0000  
12.2742 4.0970   25.0000  
3.3569  25.3159  25.0000  
19.9719 30.4688  25.0000  
3.6340  37.4161  25.0000  
4.1016  42.1448  25.0000  
19.4250 38.1485  25.0000  
9.0118  45.9778  25.0000  
5.1288  24.8230  30.0000  
1.5735  38.1302  30.0000  
18.1384 46.1151  30.0000  
18.4247 5.9448   30.0000  
9.0796  31.5399  30.0000  
3.1030  5.7175   30.0000  
0.9912  3.8315   30.0000  
3.6877  36.6547  30.0000  
13.0792 7.0557   30.0000  
11.5680 6.3293   30.0000  
14.6649 8.2489   30.0000  
11.9739 7.9605   30.0000  
4.9500  5.4062   30.0000  
6.8896  4.8157   30.0000  
4.2334  49.6384  30.0000  
0.9735  42.0609  30.0000  
12.1930 14.2807  30.0000  
11.1108 31.3599  30.0000  
18.8647 18.8141  30.0000  
10.2258 28.5431  30.0000  
3.9423  40.3625  35.0000  
5.9741  49.6506  35.0000  
10.0226 20.6100  35.0000  
4.9463  45.6741  35.0000  
5.4193  0.9384   35.0000  
3.0005  31.2943  35.0000  
2.1735  43.6050  35.0000  
12.3553 37.9379  35.0000  
4.8846  21.7529  35.0000  
6.0657  36.4716  35.0000  
15.9857 36.1023  35.0000  
10.5048 49.8230  35.0000  
13.0908 41.0980  35.0000  
6.4807  0.8652   35.0000  
4.0356  38.3530  35.0000  
9.6082  15.8661  35.0000  
15.2380 20.1782  35.0000  
10.5676 28.8116  35.0000  
19.0082 21.0358  35.0000  
5.8673  6.9336   35.0000  
15.4236 9.7031   40.0000  
19.7400 42.7200  40.0000  
14.4025 29.9820  40.0000  
7.8003  32.7682  40.0000  
13.5974 22.7448  40.0000  
3.0798  38.7390  40.0000  
17.7332 37.1506  40.0000  
15.0720 0.7751   40.0000  
15.0153 13.8321  40.0000  
2.4139  48.6633  40.0000  
16.2341 47.8592  40.0000  
9.8187  31.0593  40.0000  
12.1899 14.3097  40.0000  
9.8962  8.1055   40.0000  
15.0616 14.2517  40.0000  
0.4785  27.7191  40.0000  
19.3469 23.9380  40.0000  
18.0817 30.9067  40.0000  
7.9974  5.0385   40.0000  
18.1195 6.3782   40.0000  
19.3756 8.7372   45.0000  
2.5067  39.7995  45.0000  
0.6525  31.4606  45.0000  
5.2661  27.9831  45.0000  
3.2825  5.1025   45.0000  
16.7676 3.3264   45.0000  
6.1682  29.5227  45.0000  
17.2296 38.8336  45.0000  
2.1466  30.1437  45.0000  
0.0970  28.9978  45.0000  
13.4222 48.4650  45.0000  
15.9344 16.8808  45.0000  
11.5692 48.2910  45.0000  
17.4432 12.7090  45.0000  
7.7295  45.4971  45.0000  
16.2463 24.2599  45.0000  
8.6298  44.1483  45.0000  
12.0477 44.4061  45.0000  
4.0460  36.7676  45.0000  
4.8029  16.0782  45.0000  
1.3367  1.5915   50.0000  
10.5237 19.9966  50.0000  
12.6715 4.5944   50.0000  
11.3379 5.4611   50.0000  
10.5823 39.1251  50.0000  
0.4340  9.5184   50.0000  
17.4548 10.9406  50.0000  
12.5122 34.8343  50.0000  
4.5959  1.4771   50.0000  
0.3693  31.5475  50.0000  
6.4935  17.1387  50.0000  
8.2410  3.4653   50.0000  
5.8960  7.4539   50.0000  
2.5269  33.8669  50.0000  
15.3394 9.8709   50.0000  
10.5225 1.2558   50.0000  
10.7434 4.0436   50.0000  
7.7869  30.3757  50.0000  
2.7014  33.3923  50.0000  
4.7650  48.7747  50.0000  
1.0950  26.7670  55.0000  
13.2935 44.2627  55.0000  
18.6481 28.0121  55.0000  
3.6157  43.5516  55.0000  
9.0564  16.2720  55.0000  
12.5287 7.4066   55.0000  
5.3101  24.8123  55.0000  
13.2880 12.6114  55.0000  
13.8361 41.1987  55.0000  
7.8949  16.0553  55.0000  
10.0861 46.6324  55.0000  
12.3920 21.2723  55.0000  
11.1963 27.2675  55.0000  
15.7904 42.7277  55.0000  
11.3416 15.2939  55.0000  
3.2587  38.1729  55.0000  
15.4083 42.6392  55.0000  
4.1888  4.3808   55.0000  
16.6162 15.0696  55.0000  
15.7727 6.5704   55.0000  
13.7061 39.5142  60.0000  
2.7148  36.8317  60.0000  
13.3252 12.4237  60.0000  
3.6969  21.8765  60.0000  
13.2355 1.9836   60.0000  
5.2271  25.4089  60.0000  
11.9611 31.9763  60.0000  
13.5010 15.4449  60.0000  
0.5121  0.1297   60.0000  
4.8901  41.8762  60.0000  
1.7993  38.7360  60.0000  
5.6909  44.6136  60.0000  
13.3716 0.3799   60.0000  
1.7572  37.5946  60.0000  
19.0991 26.5717  60.0000  
8.6377  38.9923  60.0000  
5.4236  32.1060  60.0000  
2.8479  42.9291  60.0000  
7.8088  12.9471  60.0000  
4.9017  2.9999   60.0000  
3.0054  10.4782  65.0000  
14.7229 22.9263  65.0000  
12.7673 39.8911  65.0000  
10.0659 24.6567  65.0000  
14.6332 15.5640  65.0000  
8.5669  39.2151  65.0000  
5.4077  31.2225  65.0000  
4.0588  40.6204  65.0000  
12.9578 27.6840  65.0000  
17.7625 18.1793  65.0000  
1.9604  6.0349   65.0000  
14.9878 7.4783   65.0000  
9.2151  19.0079  65.0000  
7.9706  25.3708  65.0000  
14.1565 48.4146  65.0000  
15.4626 29.2847  65.0000  
0.1825  1.4084   65.0000  
19.7089 46.1670  65.0000  
12.4310 33.4229  65.0000  
11.4270 41.3498  65.0000  
7.6276  30.5664  70.0000  
3.4277  22.6929  70.0000  
1.6248  9.3185   70.0000  
3.4845  0.2762   70.0000  
10.2655 16.3147  70.0000  
7.0911  46.9818  70.0000  
9.1895  36.0397  70.0000  
0.7269  30.2551  70.0000  
8.2104  39.2487  70.0000  
16.2524 10.3882  70.0000  
5.8893  29.9225  70.0000  
7.0648  25.5997  70.0000  
19.9274 23.5687  70.0000  
6.6339  9.2545   70.0000  
19.0039 14.6851  70.0000  
0.0513  9.5322   70.0000  
11.6870 16.1911  70.0000  
9.2041  6.8253   70.0000  
18.0341 28.6530  70.0000  
2.2144  49.2294  70.0000  
19.5190 22.0932  75.0000  
7.7563  1.4038   75.0000  
12.9010 38.2278  75.0000  
4.8834  27.1103  75.0000  
3.6633  45.9137  75.0000  
8.9874  0.7782   75.0000  
4.6521  7.6294   75.0000  
4.5160  18.3685  75.0000  
15.5261 39.8117  75.0000  
5.0739  2.8778   75.0000  
8.6633  24.8535  75.0000  
11.5283 24.7711  75.0000  
17.1289 7.5607   75.0000  
8.7524  32.6874  75.0000  
10.3430 33.9127  75.0000  
11.6217 14.6896  75.0000  
13.0664 14.9048  75.0000  
0.8960  35.4126  75.0000  
13.3331 23.3078  75.0000  
19.6106 19.3924  75.0000  
14.9548 6.1569   80.0000  
10.5945 25.8972  80.0000  
0.2155  20.7550  80.0000  
5.7526  35.5865  80.0000  
18.3899 27.0538  80.0000  
7.7289  44.2825  80.0000  
5.7104  44.1620  80.0000  
14.5746 34.1995  80.0000  
12.3962 3.8559   80.0000  
8.0542  17.9184  80.0000  
2.3846  8.8516   80.0000  
16.2024 25.4272  80.0000  
1.3812  28.6972  80.0000  
10.7727 29.5395  80.0000  
18.8519 41.0461  80.0000  
10.1868 30.0156  80.0000  
19.5898 1.1887   80.0000  
8.6169  41.6672  80.0000  
10.4749 47.5861  80.0000  
1.8335  6.8039   80.0000  
18.0554 26.2741  85.0000  
10.4242 27.2797  85.0000  
2.5720  41.9113  85.0000  
11.0309 36.5112  85.0000  
4.0558  18.3197  85.0000  
16.2152 6.7230   85.0000  
6.1176  26.2863  85.0000  
13.5791 11.7783  85.0000  
13.0621 11.4792  85.0000  
4.7742  40.8768  85.0000  
5.9448  30.2734  85.0000  
15.0146 33.4534  85.0000  
13.1970 26.2878  85.0000  
13.7250 30.5710  85.0000  
1.4514  5.4688   85.0000  
16.9427 13.1363  85.0000  
2.1832  42.5140  85.0000  
12.1094 22.2443  85.0000  
19.8004 26.4648  85.0000  
15.8630 31.9611  85.0000  
16.7999 28.2623  90.0000  
5.4675  19.8608  90.0000  
1.6241  48.0911  90.0000  
14.4989 5.6381   90.0000  
14.8334 25.3265  90.0000  
13.4125 3.0777   90.0000  
19.2273 18.8828  90.0000  
5.6232  5.7449   90.0000  
9.5325  40.7913  90.0000  
19.7113 1.6525   90.0000  
7.2900  0.8087   90.0000  
8.3905  37.2635  90.0000  
16.5601 44.8776  90.0000  
14.8608 26.1108  90.0000  
6.0718  45.2454  90.0000  
17.1619 22.3679  90.0000  
13.4467 25.0519  90.0000  
11.1676 4.6631   90.0000  
17.1124 25.2090  90.0000  
2.8333  40.4678  90.0000  
11.5430 46.3745  95.0000  
10.3259 26.3611  95.0000  
11.4380 23.8312  95.0000  
6.6656  24.4888  95.0000  
0.4755  18.1000  95.0000  
3.4955  40.5212  95.0000  
10.2618 29.0787  95.0000  
6.6113  13.4262  95.0000  
5.0964  16.5314  95.0000  
3.8776  12.3810  95.0000  
18.1879 34.7382  95.0000  
16.1426 11.1160  95.0000  
14.9371 14.1205  95.0000  
11.7969 35.0159  95.0000  
8.9160  47.6410  95.0000  
15.5804 1.2878   95.0000  
6.1652  14.8178  95.0000  
12.2778 47.5067  95.0000  
3.4412  1.1337   95.0000  
15.9204 18.8492  95.0000  
16.0315 45.6772  100.0000 
5.1208  9.3460   100.0000 
0.7611  24.8123  100.0000 
15.1648 27.4261  100.0000 
9.8285  4.7043   100.0000 
7.4854  31.1111  100.0000 
1.0760  20.4956  100.0000 
7.1472  3.1448   100.0000 
0.3406  14.9628  100.0000 
8.9618  11.3708  100.0000 
1.4923  44.4519  100.0000 
2.8613  24.6841  100.0000 
19.7980 34.9182  100.0000 
19.1541 29.8538  100.0000 
4.2267  45.8725  100.0000 
4.2908  19.5511  100.0000 
4.3298  25.0488  100.0000 
7.7576  46.8613  100.0000 
17.3102 11.6058  100.0000 
10.7355 16.6290  100.0000 
10.9174 20.6879  105.0000 
17.1338 8.9279   105.0000 
7.7875  17.1280  105.0000 
17.6404 4.9652   105.0000 
6.8475  11.1359  105.0000 
7.3932  10.7437  105.0000 
7.4243  33.7677  105.0000 
7.9236  48.8022  105.0000 
11.6650 24.9985  105.0000 
13.9691 13.3118  105.0000 
10.9082 42.1906  105.0000 
15.8044 8.8806   105.0000 
11.6254 21.8033  105.0000 
17.6984 18.3609  105.0000 
6.5527  2.1194   105.0000 
3.1323  19.9661  105.0000 
6.6498  39.8376  105.0000 
7.3993  49.0173  105.0000 
19.4989 28.3096  105.0000 
8.2129  24.6429  105.0000 
9.7766  0.2594   110.0000 
14.9481 36.7111  110.0000 
7.4200  22.7814  110.0000 
7.1393  13.3530  110.0000 
19.1150 17.4454  110.0000 
2.8601  14.3448  110.0000 
8.7256  13.2950  110.0000 
7.6154  20.6894  110.0000 
2.2980  15.5914  110.0000 
4.3634  15.7043  110.0000 
3.2605  48.0713  110.0000 
15.2905 27.9236  110.0000 
13.4363 1.5671   110.0000 
15.9808 31.1264  110.0000 
5.5121  46.7773  110.0000 
12.5818 21.8094  110.0000 
2.5696  44.0155  110.0000 
2.6086  19.4107  110.0000 
10.3131 7.7438   110.0000 
10.0049 9.6085   110.0000 
17.6221 8.7036   115.0000 
15.0891 25.9842  115.0000 
11.0419 21.4508  115.0000 
10.0024 40.3885  115.0000 
18.8531 0.1266   115.0000 
0.2954  7.3120   115.0000 
10.3284 40.2481  115.0000 
3.2697  32.5592  115.0000 
5.8130  9.3567   115.0000 
3.7048  11.5677  115.0000 
3.2544  4.3304   115.0000 
17.5873 7.6599   115.0000 
16.7944 18.1488  115.0000 
4.4794  15.5457  115.0000 
13.0609 23.9700  115.0000 
19.1437 30.4016  115.0000 
0.7843  9.2850   115.0000 
3.0444  17.8207  115.0000 
19.3475 17.9916  115.0000 
6.3672  4.9545   115.0000 
1.9202  33.1848  120.0000 
1.1633  38.1653  120.0000 
18.7769 8.4930   120.0000 
16.2543 27.4857  120.0000 
16.4417 30.7495  120.0000 
14.5203 23.2147  120.0000 
18.2770 21.8307  120.0000 
3.1946  44.9509  120.0000 
2.1423  12.4664  120.0000 
17.7936 8.3786   120.0000 
0.7471  45.8374  120.0000 
10.3015 20.1309  120.0000 
0.3253  43.7637  120.0000 
2.2388  36.0092  120.0000 
3.2568  43.3075  120.0000 
13.2397 2.9236   120.0000 
10.2545 36.6043  120.0000 
5.7623  29.8096  120.0000 
7.7521  21.7178  120.0000 
16.5540 7.8812   120.0000 
16.1078 47.3465  125.0000 
15.5029 25.5020  125.0000 
4.2572  9.2026   125.0000 
2.4951  47.9996  125.0000 
6.4319  30.8395  125.0000 
2.9071  7.7377   125.0000 
6.5790  36.7859  125.0000 
12.3511 24.7543  125.0000 
6.0944  0.7736   125.0000 
11.3098 3.2700   125.0000 
0.5078  26.8570  125.0000 
0.2728  24.3973  125.0000 
0.7349  46.2875  125.0000 
16.0101 30.3558  125.0000 
4.5233  37.8906  125.0000 
19.6027 20.4880  125.0000 
13.7225 4.8172   125.0000 
16.8524 4.4281   125.0000 
2.9962  15.4327  125.0000 
1.7047  32.6874  125.0000 
15.6055 41.1972  130.0000 
3.3008  0.0122   130.0000 
11.8896 49.3195  130.0000 
7.2894  41.7953  130.0000 
6.0645  33.0109  130.0000 
12.0197 18.8797  130.0000 
16.9659 37.1567  130.0000 
10.2441 11.0382  130.0000 
8.3673  12.1948  130.0000 
16.9519 14.4699  130.0000 
4.4879  4.0482   130.0000 
13.9612 13.6093  130.0000 
16.3226 12.8891  130.0000 
11.8951 22.5571  130.0000 
4.4208  28.5706  130.0000 
0.1642  16.4612  130.0000 
13.7292 25.5356  130.0000 
5.5817  48.1522  130.0000 
6.1371  25.0000  130.0000 
10.2386 20.3369  130.0000 
6.3342  7.2388   135.0000 
9.2572  8.6807   135.0000 
6.6199  31.7871  135.0000 
19.0576 6.0699   135.0000 
6.2817  48.3551  135.0000 
16.7554 33.3893  135.0000 
11.1646 6.2851   135.0000 
1.3129  37.1094  135.0000 
9.0686  45.3537  135.0000 
17.0801 19.0079  135.0000 
6.5826  25.7294  135.0000 
10.3387 18.3243  135.0000 
2.9968  29.9133  135.0000 
19.4812 41.6718  135.0000 
6.9049  44.4565  135.0000 
9.4452  11.0275  135.0000 
11.1279 4.2786   135.0000 
11.0339 25.0793  135.0000 
11.5845 7.3898   135.0000 
15.7416 4.2801   135.0000 
5.7318  32.8537  140.0000 
6.7151  14.9048  140.0000 
16.2000 19.7601  140.0000 
16.4679 42.4179  140.0000 
15.2466 40.0635  140.0000 
11.9830 9.4696   140.0000 
15.6592 23.0804  140.0000 
17.8204 8.8455   140.0000 
3.7256  14.4485  140.0000 
17.8558 46.6507  140.0000 
19.9005 27.3804  140.0000 
6.2817  16.0767  140.0000 
2.7930  19.0155  140.0000 
8.4882  47.0428  140.0000 
2.0984  49.6735  140.0000 
2.4493  2.0218   140.0000 
16.0986 7.8445   140.0000 
1.2494  13.3789  140.0000 
19.3640 8.6945   140.0000 
7.3602  32.5241  140.0000 
16.2683 48.9380  145.0000 
19.3042 36.1908  145.0000 
5.9515  25.8621  145.0000 
1.3239  10.1578  145.0000 
14.3567 3.3218   145.0000 
16.6870 5.7236   145.0000 
18.9569 32.5211  145.0000 
15.2454 39.2548  145.0000 
1.8048  10.3958  145.0000 
15.8820 30.0995  145.0000 
16.5259 33.4045  145.0000 
14.4586 47.2031  145.0000 
4.8871  29.5395  145.0000 
17.9034 9.7290   145.0000 
8.5529  26.3718  145.0000 
15.0507 11.9827  145.0000 
11.6687 37.9547  145.0000 
4.8688  17.9825  145.0000 
19.8865 28.3752  145.0000 
12.6904 45.9534  145.0000 
11.4587 34.7809  150.0000 
15.0806 38.0966  150.0000 
6.0327  7.6965   150.0000 
3.9581  35.8978  150.0000 
6.7603  1.4328   150.0000 
10.6042 6.3416   150.0000 
1.3562  22.4136  150.0000 
0.1740  39.3036  150.0000 
17.7258 18.2129  150.0000 
17.3450 11.4380  150.0000 
19.7864 15.1382  150.0000 
13.7225 36.9095  150.0000 
19.1107 37.1552  150.0000 
17.6263 0.2167   150.0000 
8.0164  13.9801  150.0000 
16.8860 41.4917  150.0000 
9.7235  11.1313  150.0000 
15.2686 39.5294  150.0000 
11.2103 39.7812  150.0000 
13.1671 12.9013  150.0000 
14.3842 29.1977  155.0000 
13.1671 34.4269  155.0000 
11.2042 19.5938  155.0000 
1.1224  29.3564  155.0000 
18.3710 8.2062   155.0000 
3.3685  2.5543   155.0000 
17.2101 6.4026   155.0000 
10.6860 14.9811  155.0000 
14.3787 40.6433  155.0000 
9.6527  4.8294   155.0000 
9.0173  5.0995   155.0000 
12.0007 23.5870  155.0000 
1.9690  48.7411  155.0000 
2.6074  32.3532  155.0000 
12.6978 4.7180   155.0000 
16.7444 28.7262  155.0000 
19.5245 44.8257  155.0000 
7.2076  49.5682  155.0000 
8.8086  16.9022  155.0000 
11.9580 19.9661  155.0000 
8.7018  47.9187  160.0000 
2.8931  43.6813  160.0000 
13.0945 20.6360  160.0000 
6.3757  5.4382   160.0000 
11.3849 6.5857   160.0000 
16.1487 30.3207  160.0000 
9.6912  13.2233  160.0000 
9.2517  20.6238  160.0000 
19.1370 28.0457  160.0000 
5.5786  15.4541  160.0000 
16.8286 17.5079  160.0000 
1.6864  43.3929  160.0000 
15.1556 13.5162  160.0000 
19.4891 13.5498  160.0000 
5.0342  45.3537  160.0000 
0.4590  15.2924  160.0000 
8.7238  49.8138  160.0000 
5.9625  21.9940  160.0000 
7.8357  17.3721  160.0000 
14.3512 19.0857  160.0000 
2.1649  7.2113   165.0000 
15.4376 1.7517   165.0000 
4.9652  38.8992  165.0000 
12.9785 12.5458  165.0000 
10.2948 43.5379  165.0000 
15.7886 14.2838  165.0000 
18.0603 32.2144  165.0000 
8.1158  18.4875  165.0000 
12.3749 14.5264  165.0000 
19.8993 14.7110  165.0000 
18.8696 25.0305  165.0000 
7.5287  21.0602  165.0000 
16.5662 40.4175  165.0000 
5.7452  1.2207   165.0000 
9.9536  45.2087  165.0000 
1.2970  18.2892  165.0000 
16.8799 28.8132  165.0000 
8.9716  20.7443  165.0000 
17.8906 21.7377  165.0000 
0.6476  30.8578  165.0000 
2.6355  3.7750   170.0000 
7.9681  30.8578  170.0000 
18.9758 41.9678  170.0000 
9.2798  17.1555  170.0000 
0.4071  41.1804  170.0000 
1.4502  17.9565  170.0000 
17.4292 15.0757  170.0000 
7.1948  44.5602  170.0000 
8.4839  10.3180  170.0000 
18.5364 21.6614  170.0000 
16.0938 41.8015  170.0000 
7.0221  16.9754  170.0000 
3.8165  21.7422  170.0000 
1.3251  15.4861  170.0000 
19.6442 40.4160  170.0000 
2.8497  8.6304   170.0000 
1.4752  31.3766  170.0000 
19.9744 43.7531  170.0000 
10.2838 28.9566  170.0000 
11.5503 4.1077   170.0000 
6.6010  0.8636   175.0000 
0.2808  14.7552  175.0000 
15.9521 13.6963  175.0000 
6.6113  44.6381  175.0000 
18.8568 14.1663  175.0000 
3.7537  0.1709   175.0000 
11.0272 33.8730  175.0000 
4.4617  30.6366  175.0000 
9.3854  0.4166   175.0000 
0.1978  40.7242  175.0000 
9.5276  12.6694  175.0000 
3.3008  30.4947  175.0000 
10.2582 13.0264  175.0000 
12.7893 8.1070   175.0000 
10.8160 14.4333  175.0000 
14.4244 45.6161  175.0000 
16.4288 15.0253  175.0000 
15.6525 23.1369  175.0000 
17.8033 8.1573   175.0000 
6.0565  31.7093  175.0000 
0.1904  20.6757  180.0000 
3.9417  30.1697  180.0000 
7.6489  37.2086  180.0000 
19.6753 26.3245  180.0000 
18.1232 43.3167  180.0000 
16.4154 27.7710  180.0000 
14.9683 45.2972  180.0000 
18.8409 32.6431  180.0000 
10.5499 49.4659  180.0000 
10.5176 5.6229   180.0000 
7.5323  8.7128   180.0000 
10.5237 9.5139   180.0000 
13.4906 19.1727  180.0000 
9.9536  37.6923  180.0000 
14.4714 24.7925  180.0000 
18.9337 17.7490  180.0000 
3.1140  12.6221  180.0000 
4.7693  31.6422  180.0000 
6.9794  6.6513   180.0000 
11.8475 22.6563  180.0000 
12.6898 42.9810  185.0000 
3.9282  34.5001  185.0000 
11.5173 34.1614  185.0000 
19.4366 2.8320   185.0000 
2.0441  5.5038   185.0000 
0.3925  44.5633  185.0000 
15.5139 11.1725  185.0000 
5.5963  15.1993  185.0000 
19.5099 12.8815  185.0000 
8.6969  29.5776  185.0000 
5.5707  28.9932  185.0000 
11.7712 16.2949  185.0000 
16.3831 36.8454  185.0000 
15.0299 1.1337   185.0000 
18.1647 36.1130  185.0000 
13.2880 39.8102  185.0000 
13.8727 6.0165   185.0000 
19.8114 45.3461  185.0000 
2.8522  14.1861  185.0000 
8.1787  30.3833  185.0000 
2.5574  10.0098  190.0000 
12.7698 9.7565   190.0000 
17.9700 10.2524  190.0000 
18.5132 33.6304  190.0000 
14.3341 9.7839   190.0000 
0.5200  46.5088  190.0000 
18.8409 25.2136  190.0000 
4.2224  42.4454  190.0000 
6.8762  4.2435   190.0000 
6.6437  11.7508  190.0000 
18.4747 8.5632   190.0000 
9.4305  49.5255  190.0000 
0.5823  3.0884   190.0000 
4.2651  21.3074  190.0000 
0.7733  9.3597   190.0000 
1.2830  6.1737   190.0000 
8.0322  5.9174   190.0000 
1.1304  12.5916  190.0000 
6.2329  33.4549  190.0000 
1.2714  37.3306  190.0000 
15.9381 37.5809  195.0000 
17.1851 12.7670  195.0000 
10.1453 6.9748   195.0000 
9.0649  12.8632  195.0000 
19.5996 39.7812  195.0000 
14.6533 13.1653  195.0000 
13.3051 46.0342  195.0000 
18.8361 25.1068  195.0000 
9.8553  18.9240  195.0000 
0.6140  49.9466  195.0000 
5.2094  32.7286  195.0000 
8.0902  22.6517  195.0000 
12.5366 0.2182   195.0000 
2.0813  41.0187  195.0000 
19.7607 47.3465  195.0000 
18.9941 0.3845   195.0000 
0.4205  38.0310  195.0000 
13.5809 29.1931  195.0000 
3.4747  6.8558   195.0000 
12.2028 45.7748  195.0000 
17.6831 32.4860  200.0000 
17.2284 31.6086  200.0000 
16.1768 9.6252   200.0000 
13.1879 41.4185  200.0000 
16.8524 2.3178   200.0000 
15.3094 45.3873  200.0000 
4.2102  36.4059  200.0000 
11.0663 23.8190  200.0000 
8.2623  13.9725  200.0000 
15.3540 9.5520   200.0000 
6.1371  7.5516   200.0000 
9.9280  48.4375  200.0000 
2.0038  16.9571  200.0000 
7.7191  23.1934  200.0000 
10.9418 46.4996  200.0000 
12.6642 10.9680  200.0000 
2.3804  35.4431  200.0000 
15.6628 19.8776  200.0000 
8.7347  49.4934  200.0000 
17.2961 24.8901  200.0000 
14.8596 16.1224  205.0000 
17.9254 48.3139  205.0000 
13.9539 11.5677  205.0000 
5.8014  5.2490   205.0000 
5.5267  32.2968  205.0000 
3.8049  9.2712   205.0000 
1.0693  8.7616   205.0000 
5.4443  8.6990   205.0000 
13.0377 44.2429  205.0000 
0.7379  48.7350  205.0000 
12.7869 36.6104  205.0000 
2.6025  29.7913  205.0000 
13.0725 15.8066  205.0000 
14.3756 7.3288   205.0000 
0.7495  4.8599   205.0000 
9.0948  3.5110   205.0000 
15.2887 37.2543  205.0000 
1.1627  25.9766  205.0000 
18.7415 38.4476  205.0000 
1.0120  14.0701  205.0000 
12.7728 4.3762   210.0000 
13.4155 7.8110   210.0000 
8.3905  34.7305  210.0000 
10.0409 9.9426   210.0000 
3.9954  3.8391   210.0000 
16.9000 36.3464  210.0000 
17.3737 26.9592  210.0000 
7.2955  25.1587  210.0000 
7.2644  4.7882   210.0000 
0.9100  49.8840  210.0000 
10.1166 4.0085   210.0000 
19.6448 6.8359   210.0000 
7.6752  6.6925   210.0000 
0.8459  22.1848  210.0000 
10.9998 36.3480  210.0000 
18.5388 48.9761  210.0000 
16.5674 43.4540  210.0000 
13.2916 49.3774  210.0000 
0.0592  8.2703   210.0000 
1.3397  32.5027  210.0000 
3.4760  43.7546  215.0000 
3.5925  43.1213  215.0000 
1.1920  6.3751   215.0000 
5.1477  21.5439  215.0000 
0.5847  47.6624  215.0000 
5.9363  30.0262  215.0000 
2.8571  14.2853  215.0000 
13.1293 15.9790  215.0000 
19.6802 29.4785  215.0000 
15.9265 7.3135   215.0000 
11.2811 13.6276  215.0000 
13.3478 10.2249  215.0000 
1.6028  26.8356  215.0000 
15.6653 4.7302   215.0000 
16.1578 41.2613  215.0000 
10.0879 8.2748   215.0000 
18.2025 26.0620  215.0000 
11.3293 2.7130   215.0000 
8.8556  2.7527   215.0000 
7.6862  44.9860  215.0000 
6.7896  3.7704   220.0000 
3.2471  6.7993   220.0000 
13.1158 42.0990  220.0000 
6.8591  13.6200  220.0000 
17.0898 24.7162  220.0000 
8.4784  28.2990  220.0000 
8.2617  17.7139  220.0000 
13.5297 49.6353  220.0000 
10.6964 45.8939  220.0000 
15.8929 21.2006  220.0000 
4.8944  34.6420  220.0000 
0.1569  20.7199  220.0000 
13.0237 26.8967  220.0000 
13.7469 25.3403  220.0000 
13.1036 33.0444  220.0000 
19.5648 23.0835  220.0000 
17.7582 46.5118  220.0000 
9.7620  15.8127  220.0000 
3.1641  32.9208  220.0000 
11.2671 33.9996  220.0000 
3.8159  25.5722  225.0000 
3.7024  8.6380   225.0000 
18.7433 35.0906  225.0000 
0.2997  20.5872  225.0000 
4.7913  6.0593   225.0000 
12.4561 22.6746  225.0000 
2.6025  28.4134  225.0000 
8.5449  4.8584   225.0000 
10.9131 36.4578  225.0000 
7.6086  47.7814  225.0000 
14.8004 3.2700   225.0000 
18.5620 35.0006  225.0000 
3.4961  13.3499  225.0000 
5.5243  19.2352  225.0000 
3.3966  21.2860  225.0000 
9.9146  12.9196  225.0000 
1.8939  29.2755  225.0000 
9.9237  48.3932  225.0000 
7.6526  41.3101  225.0000 
7.9993  28.0258  225.0000 
2.9547  26.8265  230.0000 
6.9611  9.6039   230.0000 
13.7396 1.6434   230.0000 
5.3729  47.2763  230.0000 
12.9700 9.0027   230.0000 
12.8021 33.3801  230.0000 
2.9358  8.5098   230.0000 
15.5804 11.4624  230.0000 
12.1326 5.8105   230.0000 
13.7042 5.8014   230.0000 
12.3340 30.7877  230.0000 
19.4855 37.7472  230.0000 
11.4856 47.1176  230.0000 
18.5925 24.1867  230.0000 
8.0420  0.9827   230.0000 
4.0942  28.4561  230.0000 
2.3779  41.7526  230.0000 
4.1388  9.0042   230.0000 
10.8887 22.4579  230.0000 
13.8885 36.1206  230.0000 
18.4174 12.8555  235.0000 
12.3401 22.0398  235.0000 
14.6234 32.9086  235.0000 
14.6497 34.7549  235.0000 
9.9225  39.4821  235.0000 
0.5945  40.8051  235.0000 
16.6217 24.0860  235.0000 
9.7888  47.4091  235.0000 
10.8759 4.4525   235.0000 
4.2841  39.2059  235.0000 
1.0883  17.7826  235.0000 
9.1754  29.9484  235.0000 
18.3795 48.4573  235.0000 
11.8463 24.4522  235.0000 
14.7583 48.0469  235.0000 
10.4639 11.0992  235.0000 
4.6039  30.4016  235.0000 
12.3596 30.2292  235.0000 
15.1025 49.6689  235.0000 
12.9218 38.7299  235.0000 
1.2457  44.0155  240.0000 
15.6152 16.1057  240.0000 
11.0309 2.9037   240.0000 
3.7604  32.3975  240.0000 
16.4771 40.6982  240.0000 
4.6979  23.1979  240.0000 
16.0919 34.4467  240.0000 
16.9586 42.1341  240.0000 
4.4012  8.6227   240.0000 
1.0657  36.0855  240.0000 
14.1803 24.6628  240.0000 
4.5953  13.4842  240.0000 
7.0038  8.0902   240.0000 
2.1240  0.9781   240.0000 
17.7380 21.0602  240.0000 
0.6757  8.7982   240.0000 
8.6078  13.1241  240.0000 
11.3092 0.1236   240.0000 
18.4564 8.0215   240.0000 
17.4585 34.7641  240.0000 
2.8253  9.3307   245.0000 
0.6598  32.4753  245.0000 
10.4810 32.7744  245.0000 
14.2841 26.2054  245.0000 
12.0105 47.9935  245.0000 
5.9015  0.6073   245.0000 
6.1145  37.6205  245.0000 
18.9063 36.1115  245.0000 
19.2151 6.4285   245.0000 
14.0210 3.8773   245.0000 
4.0186  48.4146  245.0000 
1.3147  31.9366  245.0000 
12.6379 4.5853   245.0000 
3.3453  37.8403  245.0000 
9.9188  19.2886  245.0000 
0.0677  48.1262  245.0000 
2.5806  27.8946  245.0000 
16.1200 49.9100  245.0000 
9.8065  33.6273  245.0000 
1.1188  44.9188  245.0000 
10.9003 6.3782   250.0000 
3.5870  1.2802   250.0000 
15.6421 11.2976  250.0000 
9.1425  23.3780  250.0000 
12.9614 49.9924  250.0000 
3.5632  35.0830  250.0000 
3.5583  22.1237  250.0000 
11.3672 46.6812  250.0000 
12.0917 40.2344  250.0000 
10.5188 0.8011   250.0000 
4.5642  5.6107   250.0000 
13.8989 17.6620  250.0000 
6.5302  27.9907  250.0000 
18.1537 34.9396  250.0000 
7.7460  46.9299  250.0000 
10.5524 12.5946  250.0000 
8.8873  37.6434  250.0000 
14.4781 47.9324  250.0000 
15.9723 9.1339   250.0000 
4.1766  21.2418  250.0000 
18.0920 27.4139  255.0000 
9.3884  17.3111  255.0000 
14.0973 21.6415  255.0000 
0.4858  43.1335  255.0000 
3.8477  5.9738   255.0000 
14.7473 37.1170  255.0000 
9.6625  24.9619  255.0000 
14.3860 40.1108  255.0000 
3.5852  5.2887   255.0000 
16.9611 23.5626  255.0000 
6.0999  21.6690  255.0000 
8.8013  45.1141  255.0000 
11.9147 9.7229   255.0000 
2.0557  26.9531  255.0000 
8.4375  33.6319  255.0000 
6.0059  27.2263  255.0000 
2.5800  41.3940  255.0000 
13.2593 49.8428  255.0000 
1.4990  15.4892  255.0000 
11.4502 12.9547  255.0000 
2.9120  1.7685   260.0000 
1.0760  21.4539  260.0000 
0.6091  24.3744  260.0000 
10.0879 13.7756  260.0000 
0.7806  19.5160  260.0000 
5.8667  28.3386  260.0000 
14.7961 45.8939  260.0000 
15.2057 9.9197   260.0000 
4.0485  4.6127   260.0000 
12.9266 1.2924   260.0000 
2.4957  26.3580  260.0000 
9.7522  40.4160  260.0000 
12.5238 8.6914   260.0000 
0.0629  8.5190   260.0000 
19.7528 11.2457  260.0000 
0.1624  49.3713  260.0000 
2.4146  41.6412  260.0000 
17.6727 5.0491   260.0000 
0.9247  39.9445  260.0000 
2.6898  38.5239  260.0000 
3.2788  44.4626  265.0000 
1.3214  38.3926  265.0000 
11.8866 46.7178  265.0000 
2.2327  26.0193  265.0000 
7.4823  18.3670  265.0000 
16.8225 10.4645  265.0000 
15.7306 17.9367  265.0000 
3.6621  11.4563  265.0000 
12.1478 10.1288  265.0000 
17.8125 45.7458  265.0000 
10.9735 5.5542   265.0000 
15.6512 47.1710  265.0000 
13.6090 3.6835   265.0000 
15.8319 15.6937  265.0000 
2.2552  46.8292  265.0000 
7.0013  15.7837  265.0000 
14.3652 17.9855  265.0000 
2.9004  19.4092  265.0000 
3.5468  40.3122  265.0000 
15.4718 13.9816  265.0000 
2.5336  11.1084  270.0000 
6.5997  20.5490  270.0000 
13.8495 28.0594  270.0000 
9.1089  42.5568  270.0000 
3.8000  40.5899  270.0000 
17.6459 40.4907  270.0000 
5.3992  34.1187  270.0000 
0.0702  2.7023   270.0000 
5.8765  30.0430  270.0000 
9.9719  7.7499   270.0000 
4.3713  9.2529   270.0000 
10.9570 48.5443  270.0000 
15.4517 41.9998  270.0000 
13.3038 13.6383  270.0000 
4.0796  31.9168  270.0000 
13.6401 45.9366  270.0000 
7.6434  7.0175   270.0000 
18.2397 24.1806  270.0000 
10.6854 15.4800  270.0000 
0.5884  37.4908  270.0000 
7.9541  9.0256   275.0000 
13.8257 48.2819  275.0000 
1.3959  21.7102  275.0000 
8.6969  13.8794  275.0000 
6.7212  26.9363  275.0000 
17.6379 12.1353  275.0000 
15.1672 30.4977  275.0000 
15.6158 41.3605  275.0000 
6.0736  32.4844  275.0000 
18.3569 39.8895  275.0000 
15.9119 15.8279  275.0000 
8.5773  45.5780  275.0000 
19.3805 44.3375  275.0000 
10.8484 40.5655  275.0000 
8.1970  28.0106  275.0000 
5.7233  1.5930   275.0000 
3.2086  38.4445  275.0000 
3.7396  1.2131   275.0000 
5.4510  32.1579  275.0000 
9.9359  30.1758  275.0000 
1.7737  14.6378  280.0000 
19.4977 36.3327  280.0000 
10.6647 2.9099   280.0000 
15.1630 0.3479   280.0000 
3.8922  19.4809  280.0000 
7.0099  43.5379  280.0000 
9.5941  25.4105  280.0000 
5.2490  38.1638  280.0000 
12.4365 25.3784  280.0000 
6.6577  15.4633  280.0000 
16.4667 2.5314   280.0000 
5.2600  41.7587  280.0000 
6.2878  15.9195  280.0000 
7.8998  7.9376   280.0000 
12.1802 18.3563  280.0000 
5.3143  2.6306   280.0000 
14.7882 27.4841  280.0000 
19.3457 14.3906  280.0000 
15.0085 7.8995   280.0000 
16.9086 33.1833  280.0000 
4.6936  47.0932  285.0000 
11.3373 46.5195  285.0000 
3.8043  33.0856  285.0000 
1.7474  0.5127   285.0000 
19.6295 16.5085  285.0000 
11.0242 21.2051  285.0000 
13.7024 14.9796  285.0000 
13.0719 16.4490  285.0000 
12.0398 42.5858  285.0000 
9.9445  3.6743   285.0000 
4.3219  22.2580  285.0000 
9.4861  33.8440  285.0000 
7.6447  13.8794  285.0000 
4.1010  6.9122   285.0000 
0.4694  15.9348  285.0000 
1.2860  49.1074  285.0000 
2.3895  23.4879  285.0000 
6.5399  47.3312  285.0000 
5.3442  0.3433   285.0000 
9.2871  11.0046  285.0000 
11.9012 48.1598  290.0000 
12.4292 6.6772   290.0000 
6.2378  30.3604  290.0000 
16.1548 35.6842  290.0000 
13.4387 33.6411  290.0000 
16.6364 0.2014   290.0000 
12.7405 24.8825  290.0000 
10.2295 27.9770  290.0000 
0.3485  36.2854  290.0000 
3.8074  1.0712   290.0000 
7.4432  36.5509  290.0000 
1.8549  8.9264   290.0000 
9.0155  20.8939  290.0000 
10.9430 21.0342  290.0000 
9.1394  27.7313  290.0000 
12.2101 49.5850  290.0000 
18.3191 14.8270  290.0000 
2.4792  47.3312  290.0000 
8.5303  2.7374   290.0000 
14.6320 11.0504  290.0000 
1.5826  18.3472  295.0000 
17.8632 35.8627  295.0000 
16.4258 46.3104  295.0000 
8.4473  40.7547  295.0000 
11.0291 21.2280  295.0000 
11.6333 10.6003  295.0000 
4.4501  18.3441  295.0000 
5.3009  25.0015  295.0000 
14.7333 25.6042  295.0000 
5.9967  19.2551  295.0000 
18.2428 4.8615   295.0000 
7.9810  47.7585  295.0000 
6.0754  25.0671  295.0000 
15.9052 45.1828  295.0000 
3.1628  25.2380  295.0000 
1.7493  5.6946   295.0000 
5.6952  40.0238  295.0000 
6.6376  25.5630  295.0000 
2.4915  45.6863  295.0000 
18.1689 29.4662  295.0000 
