0.9952  15.5914  0.0000   
1.0144  8.9951   0.0000   
10.4370 44.8914  0.0000   
29.0570 22.3923  0.0000   
26.2921 33.4381  0.0000   
15.7736 17.3889  0.0000   
27.5061 48.0545  0.0000   
15.0943 28.2623  0.0000   
20.3101 42.9657  0.0000   
0.7425  4.7882   0.0000   
17.0114 22.0810  0.0000   
12.8632 35.3256  0.0000   
13.2092 9.1904   0.0000   
20.4218 41.0828  0.0000   
16.8567 8.8898   0.0000   
10.3015 36.8912  0.0000   
17.6212 16.0263  0.0000   
19.0329 28.7903  0.0000   
9.9747  6.5109   0.0000   
18.1027 43.7515  0.0000   
18.4506 17.2714  5.0000   
28.7686 11.8362  5.0000   
28.5059 48.1903  5.0000   
17.3291 46.1060  5.0000   
11.4304 43.8263  5.0000   
6.7786  40.6021  5.0000   
6.7300  37.7304  5.0000   
15.7809 31.7108  5.0000   
0.4294  17.1738  5.0000   
20.9152 43.2068  5.0000   
12.7396 41.0995  5.0000   
3.1110  10.3088  5.0000   
13.5031 19.1071  5.0000   
4.2252  3.0502   5.0000   
18.8791 34.2850  5.0000   
14.6942 44.2795  5.0000   
17.6981 17.7048  5.0000   
8.1921  42.5995  5.0000   
20.9161 7.3883   5.0000   
4.2453  35.5621  5.0000   
2.6129  49.5575  10.0000  
24.7275 13.4308  10.0000  
25.9744 24.9817  10.0000  
5.1837  18.8171  10.0000  
22.6932 8.2428   10.0000  
6.9131  42.5156  10.0000  
29.2163 42.7078  10.0000  
10.7520 10.8383  10.0000  
18.2968 39.0533  10.0000  
28.4930 34.7641  10.0000  
9.2679  30.1285  10.0000  
22.8818 16.2201  10.0000  
15.4889 39.9765  10.0000  
12.1188 31.8085  10.0000  
2.3987  49.8337  10.0000  
29.8151 39.2715  10.0000  
14.6045 18.9148  10.0000  
16.3358 27.0447  10.0000  
15.4578 42.7856  10.0000  
2.4655  2.1729   10.0000  
17.5461 7.1655   15.0000  
1.3321  36.9232  15.0000  
17.5443 19.9249  15.0000  
29.5395 19.4016  15.0000  
13.8455 29.1489  15.0000  
3.4259  28.4866  15.0000  
10.4434 10.0204  15.0000  
21.4032 28.3890  15.0000  
15.4633 28.3829  15.0000  
28.3081 3.1570   15.0000  
27.8064 13.7695  15.0000  
2.6971  26.4343  15.0000  
20.3439 49.7101  15.0000  
23.0365 36.7783  15.0000  
3.0753  14.1510  15.0000  
3.7070  13.8718  15.0000  
24.7229 27.7725  15.0000  
16.7789 25.9033  15.0000  
16.1664 43.0298  15.0000  
0.4779  43.4814  15.0000  
24.1809 31.7398  20.0000  
10.2997 40.3320  20.0000  
18.9001 4.0024   20.0000  
23.6829 26.1566  20.0000  
3.4470  16.2888  20.0000  
4.2087  31.9031  20.0000  
29.1779 1.5030   20.0000  
16.2396 42.8162  20.0000  
4.9539  28.8239  20.0000  
15.9503 49.5316  20.0000  
13.9142 26.1505  20.0000  
9.6790  12.5671  20.0000  
6.1441  22.9568  20.0000  
25.5441 10.4950  20.0000  
0.7169  46.3593  20.0000  
19.2581 17.1219  20.0000  
25.5203 28.2349  20.0000  
0.0797  27.9800  20.0000  
28.3145 6.1783   20.0000  
17.8354 31.4590  20.0000  
7.4570  26.1169  25.0000  
26.9586 44.8654  25.0000  
25.7373 29.4022  25.0000  
18.4772 10.7422  25.0000  
25.7492 32.1930  25.0000  
15.8853 23.7595  25.0000  
10.2466 29.9194  25.0000  
25.8362 33.4778  25.0000  
25.9186 34.6741  25.0000  
19.6088 43.2968  25.0000  
4.0146  28.3142  25.0000  
6.2585  0.9308   25.0000  
6.2704  39.1068  25.0000  
3.4177  0.6714   25.0000  
29.5551 24.7147  25.0000  
26.6592 42.7963  25.0000  
7.6959  19.3527  25.0000  
23.3798 20.4239  25.0000  
3.9001  27.9022  25.0000  
22.1320 29.1031  25.0000  
2.2266  24.8230  30.0000  
3.3362  19.4885  30.0000  
11.5338 40.6570  30.0000  
2.3236  38.3820  30.0000  
10.3427 43.9423  30.0000  
10.6403 28.4729  30.0000  
26.0678 1.3580   30.0000  
6.5451  32.0816  30.0000  
27.0236 23.8861  30.0000  
10.6531 19.2078  30.0000  
10.6750 31.8405  30.0000  
17.6431 35.2295  30.0000  
26.5521 46.5485  30.0000  
29.9854 38.5239  30.0000  
7.2665  41.4963  30.0000  
14.6136 23.3505  30.0000  
16.0748 10.7773  30.0000  
8.4869  48.3002  30.0000  
4.4220  37.6205  30.0000  
13.9728 15.6235  30.0000  
17.9013 20.8435  35.0000  
29.9927 21.7484  35.0000  
4.0704  42.0166  35.0000  
9.8712  24.3042  35.0000  
10.5606 31.1707  35.0000  
1.8127  45.9564  35.0000  
16.9162 13.8489  35.0000  
22.9623 10.3806  35.0000  
8.6050  47.3145  35.0000  
12.9721 30.6702  35.0000  
16.6260 28.7415  35.0000  
18.0185 45.4971  35.0000  
11.1685 33.1833  35.0000  
21.2082 23.3414  35.0000  
2.7484  14.1342  35.0000  
20.3027 30.1056  35.0000  
29.2648 24.5178  35.0000  
8.7103  30.4092  35.0000  
22.4048 40.8783  35.0000  
10.6769 17.8940  35.0000  
11.8497 48.6191  40.0000  
6.6101  44.8441  40.0000  
0.7086  21.0907  40.0000  
19.4788 46.4371  40.0000  
0.6189  0.3250   40.0000  
18.2272 29.9332  40.0000  
9.9527  12.2574  40.0000  
29.1330 24.1196  40.0000  
3.5678  24.2294  40.0000  
21.0580 9.3231   40.0000  
17.5360 27.5833  40.0000  
15.5191 23.2971  40.0000  
7.2922  3.1723   40.0000  
17.5214 13.3072  40.0000  
12.6407 2.5940   40.0000  
8.0914  29.7104  40.0000  
8.0475  2.9541   40.0000  
14.4479 31.3629  40.0000  
1.6681  17.9840  40.0000  
18.7445 48.1461  40.0000  
1.5472  23.3170  45.0000  
21.3235 20.9442  45.0000  
22.4130 28.7262  45.0000  
19.4275 14.3585  45.0000  
21.5240 5.1712   45.0000  
7.2821  22.5174  45.0000  
26.9934 49.4171  45.0000  
28.5168 13.2278  45.0000  
17.0306 44.0765  45.0000  
26.8442 30.8533  45.0000  
23.5364 45.8771  45.0000  
5.9308  3.1723   45.0000  
18.4964 9.9564   45.0000  
4.4156  22.5647  45.0000  
26.5997 33.0093  45.0000  
6.9955  46.8201  45.0000  
22.5293 23.0896  45.0000  
17.5241 39.8956  45.0000  
26.3553 28.8940  45.0000  
25.0626 47.9156  45.0000  
15.4733 36.3220  50.0000  
28.8126 30.7571  50.0000  
6.5204  15.1428  50.0000  
2.8775  44.4885  50.0000  
15.7132 23.5580  50.0000  
26.7838 45.0241  50.0000  
11.0358 3.5034   50.0000  
12.6984 8.2642   50.0000  
14.7272 24.4751  50.0000  
5.2899  37.0667  50.0000  
19.4934 8.7051   50.0000  
5.1581  0.3326   50.0000  
26.8927 45.5048  50.0000  
21.7758 24.5438  50.0000  
21.3199 27.5650  50.0000  
26.8845 33.0551  50.0000  
8.0411  17.0609  50.0000  
4.2709  3.4409   50.0000  
18.7024 24.3362  50.0000  
6.8701  38.2355  50.0000  
2.7612  7.0129   55.0000  
27.1326 19.3558  55.0000  
18.2721 22.3129  55.0000  
11.5851 41.5314  55.0000  
10.4590 40.4160  55.0000  
5.5353  45.0470  55.0000  
11.5302 1.6785   55.0000  
8.8449  43.1183  55.0000  
20.1526 25.4868  55.0000  
8.7158  14.2090  55.0000  
4.0320  3.6102   55.0000  
10.4297 4.6021   55.0000  
4.0375  35.8246  55.0000  
21.9653 11.5265  55.0000  
3.3105  40.6296  55.0000  
23.4512 42.1844  55.0000  
19.7845 48.8953  55.0000  
27.3697 18.9499  55.0000  
25.5634 13.2034  55.0000  
20.4684 26.0803  55.0000  
1.5967  40.7532  60.0000  
13.3026 18.2449  60.0000  
1.0767  32.5928  60.0000  
18.3554 36.1755  60.0000  
20.0125 37.0224  60.0000  
2.6678  49.7726  60.0000  
28.4052 49.9634  60.0000  
25.9186 23.9456  60.0000  
20.4639 20.1172  60.0000  
9.8914  27.5375  60.0000  
17.3071 41.7236  60.0000  
10.2649 30.6168  60.0000  
0.5786  42.7216  60.0000  
16.6644 10.4691  60.0000  
10.4187 1.1398   60.0000  
1.9153  11.5829  60.0000  
26.2335 47.5189  60.0000  
26.4322 29.9637  60.0000  
13.6853 36.1801  60.0000  
8.6792  17.0670  60.0000  
26.3617 43.1610  65.0000  
17.6431 23.6771  65.0000  
25.5414 23.6160  65.0000  
8.2617  29.0390  65.0000  
26.5073 36.5036  65.0000  
5.7321  25.5569  65.0000  
24.8401 19.3771  65.0000  
19.6417 4.3732   65.0000  
11.1273 21.0754  65.0000  
3.8699  12.1368  65.0000  
7.5330  25.1495  65.0000  
13.1790 24.2706  65.0000  
14.6503 21.8094  65.0000  
2.4518  5.0705   65.0000  
12.0996 11.2305  65.0000  
19.4897 49.9161  65.0000  
21.2778 46.0159  65.0000  
27.3395 29.9301  65.0000  
13.7283 45.6284  65.0000  
17.0563 34.3964  65.0000  
3.5413  40.6113  70.0000  
6.8573  31.2332  70.0000  
17.2430 29.4128  70.0000  
18.6017 40.8600  70.0000  
9.6030  5.5984   70.0000  
17.5296 43.7408  70.0000  
18.7866 38.3179  70.0000  
26.2006 16.9403  70.0000  
29.3161 13.7833  70.0000  
8.5739  19.9936  70.0000  
16.2479 20.5978  70.0000  
5.1508  25.4074  70.0000  
29.0268 36.7584  70.0000  
25.1450 14.0991  70.0000  
8.4421  1.1169   70.0000  
26.5869 31.0928  70.0000  
5.1279  27.1317  70.0000  
0.3268  21.7758  70.0000  
13.0408 41.7145  70.0000  
8.8513  44.0445  70.0000  
26.3635 6.9962   75.0000  
15.8734 26.6342  75.0000  
13.2513 7.7988   75.0000  
17.6083 18.9499  75.0000  
24.8859 12.6602  75.0000  
11.7004 2.7237   75.0000  
13.2477 41.1987  75.0000  
14.7125 10.7910  75.0000  
26.0605 45.6268  75.0000  
24.1315 23.3170  75.0000  
22.3471 39.2670  75.0000  
15.8258 36.7676  75.0000  
7.0166  29.8141  75.0000  
22.8845 25.9552  75.0000  
27.9428 40.2328  75.0000  
26.7847 44.4550  75.0000  
13.9554 25.0366  75.0000  
6.8179  33.7250  75.0000  
17.1844 14.8041  75.0000  
28.7183 36.2183  75.0000  
28.2037 46.7270  80.0000  
28.4225 32.8110  80.0000  
17.4023 14.0106  80.0000  
11.9128 49.8779  80.0000  
1.0199  41.9220  80.0000  
27.0612 6.2775   80.0000  
5.2936  23.3200  80.0000  
28.4317 45.6253  80.0000  
27.1454 21.4767  80.0000  
10.9644 24.1058  80.0000  
14.8480 22.9767  80.0000  
23.4833 49.1852  80.0000  
27.1124 48.5504  80.0000  
17.9700 39.4928  80.0000  
24.0289 4.6082   80.0000  
15.5328 1.2283   80.0000  
18.2996 33.3298  80.0000  
5.0153  41.3757  80.0000  
10.2036 44.0781  80.0000  
25.1761 13.0402  80.0000  
14.7308 34.0042  85.0000  
26.3828 13.2355  85.0000  
24.3201 30.5862  85.0000  
22.7527 28.4271  85.0000  
5.6378  13.9938  85.0000  
10.6870 48.1277  85.0000  
13.8409 2.0187   85.0000  
14.7153 41.8884  85.0000  
12.7570 5.4306   85.0000  
6.6202  19.9707  85.0000  
24.4189 36.5524  85.0000  
28.7439 23.0270  85.0000  
16.3916 28.8742  85.0000  
27.4438 11.0931  85.0000  
0.3305  0.5051   85.0000  
27.6160 47.2137  85.0000  
20.2103 19.2963  85.0000  
4.2316  46.0114  85.0000  
23.6536 2.4338   85.0000  
21.8234 32.4997  85.0000  
14.8059 8.3084   90.0000  
27.8595 31.4758  90.0000  
2.1945  3.4943   90.0000  
20.9381 32.7835  90.0000  
19.9969 12.6328  90.0000  
9.7495  2.7634   90.0000  
6.1734  34.0363  90.0000  
3.7299  37.2223  90.0000  
25.8856 28.8330  90.0000  
21.3602 26.2039  90.0000  
23.6508 16.4551  90.0000  
27.0337 25.8987  90.0000  
12.6599 34.2880  90.0000  
22.4332 7.9849   90.0000  
4.7058  44.2947  90.0000  
23.3661 31.7337  90.0000  
19.1492 44.4214  90.0000  
27.9794 9.1766   90.0000  
14.3692 17.6010  90.0000  
7.2958  8.6487   90.0000  
20.1297 26.1749  95.0000  
24.0253 17.0303  95.0000  
14.3005 34.5230  95.0000  
0.5566  5.9830   95.0000  
2.3758  17.7399  95.0000  
22.1036 22.5143  95.0000  
23.2178 39.1586  95.0000  
5.9152  49.1562  95.0000  
29.4708 4.5273   95.0000  
12.4969 4.1016   95.0000  
26.0806 25.6638  95.0000  
29.7903 26.5808  95.0000  
25.3555 1.3977   95.0000  
26.2280 17.8116  95.0000  
22.0139 48.6008  95.0000  
3.6200  32.8278  95.0000  
26.6373 41.1392  95.0000  
5.8017  43.4967  95.0000  
0.9943  39.5386  95.0000  
23.9767 18.0435  95.0000  
3.6420  19.1910  100.0000 
24.7009 37.3856  100.0000 
29.2740 29.9072  100.0000 
11.4359 43.6081  100.0000 
0.2197  44.6243  100.0000 
15.6226 40.8661  100.0000 
23.5638 30.0980  100.0000 
18.1924 44.0536  100.0000 
22.2995 47.3633  100.0000 
27.4768 45.5276  100.0000 
23.9630 14.8132  100.0000 
14.4296 45.2255  100.0000 
5.1929  41.6656  100.0000 
21.1230 14.4531  100.0000 
5.6369  14.6713  100.0000 
23.4329 38.6978  100.0000 
9.6533  45.8466  100.0000 
13.8657 9.7504   100.0000 
9.2468  14.0549  100.0000 
5.4602  12.4420  100.0000 
16.6718 8.2565   105.0000 
2.6962  26.3489  105.0000 
20.1334 5.2170   105.0000 
0.3589  37.7289  105.0000 
11.0413 39.5111  105.0000 
26.2839 32.0358  105.0000 
16.2396 48.6252  105.0000 
18.9304 12.3077  105.0000 
23.6554 0.9613   105.0000 
5.7175  13.7451  105.0000 
4.7983  39.5721  105.0000 
13.0518 9.8053   105.0000 
12.5638 49.4247  105.0000 
24.0005 30.0949  105.0000 
17.7548 31.0196  105.0000 
14.5367 35.4050  105.0000 
2.7805  38.1592  105.0000 
24.2917 20.1797  105.0000 
5.9518  12.7029  105.0000 
22.7600 37.7472  105.0000 
4.8322  24.0921  110.0000 
6.8939  18.6081  110.0000 
22.0551 46.4859  110.0000 
1.0181  27.1042  110.0000 
12.0694 31.2958  110.0000 
5.0034  26.7883  110.0000 
2.2366  7.9544   110.0000 
11.6501 49.7864  110.0000 
16.7184 20.7123  110.0000 
19.1949 40.4770  110.0000 
16.6022 34.2773  110.0000 
9.9042  18.8095  110.0000 
14.6841 16.1316  110.0000 
0.6693  33.5541  110.0000 
28.3704 28.3005  110.0000 
16.5564 0.8102   110.0000 
29.1083 36.4212  110.0000 
3.2419  48.0774  110.0000 
1.8063  18.9026  110.0000 
9.2725  9.2087   110.0000 
2.6706  33.9966  115.0000 
24.0857 40.5579  115.0000 
28.8959 27.5940  115.0000 
12.7313 3.6224   115.0000 
8.6481  39.5523  115.0000 
13.2257 34.5093  115.0000 
24.7787 41.3727  115.0000 
27.4878 45.5276  115.0000 
0.7132  13.0356  115.0000 
21.7786 29.2282  115.0000 
11.9284 41.8182  115.0000 
7.5943  10.1822  115.0000 
1.4951  0.8759   115.0000 
8.9465  14.8422  115.0000 
3.0789  40.4510  115.0000 
6.9635  4.7760   115.0000 
9.8804  49.4598  115.0000 
27.7570 43.5913  115.0000 
22.9092 20.3308  115.0000 
14.4855 42.8589  115.0000 
17.0691 24.8566  120.0000 
9.5572  7.3700   120.0000 
28.4656 33.9066  120.0000 
17.9004 24.9969  120.0000 
11.3800 38.7955  120.0000 
17.2568 21.5195  120.0000 
28.3511 7.1228   120.0000 
26.4102 25.6882  120.0000 
1.8027  30.8960  120.0000 
7.3169  14.8605  120.0000 
10.6467 49.7635  120.0000 
22.0468 36.5219  120.0000 
0.3058  7.1396   120.0000 
0.4962  25.9872  120.0000 
9.5947  22.0627  120.0000 
19.7928 15.6067  120.0000 
22.8891 34.5932  120.0000 
1.3403  5.8014   120.0000 
11.0294 7.5485   120.0000 
26.4423 43.2159  120.0000 
19.3890 42.3996  125.0000 
26.4258 26.3107  125.0000 
26.5530 42.1478  125.0000 
18.2245 33.7173  125.0000 
2.0325  28.9856  125.0000 
1.3486  45.6558  125.0000 
6.4691  49.5407  125.0000 
27.1683 3.7277   125.0000 
12.7451 25.5524  125.0000 
6.4728  29.4083  125.0000 
11.4615 32.7545  125.0000 
6.2173  46.5317  125.0000 
19.2004 15.7990  125.0000 
1.4163  28.1067  125.0000 
13.0225 22.0261  125.0000 
13.1003 12.7441  125.0000 
9.6295  11.8942  125.0000 
18.2968 11.0443  125.0000 
12.6334 28.8895  125.0000 
22.9477 47.2229  125.0000 
16.3715 36.7065  130.0000 
13.7247 6.3110   130.0000 
29.6942 6.5414   130.0000 
29.6576 32.2357  130.0000 
8.1821  12.2818  130.0000 
9.5398  47.0810  130.0000 
18.2043 16.4337  130.0000 
16.0135 36.8713  130.0000 
11.2848 4.5685   130.0000 
12.3102 24.1501  130.0000 
12.1884 1.1292   130.0000 
2.5516  22.7066  130.0000 
9.1791  24.3927  130.0000 
11.5704 44.7281  130.0000 
19.8825 13.4018  130.0000 
25.1770 5.7190   130.0000 
11.1932 34.6878  130.0000 
26.8149 47.4747  130.0000 
26.6583 1.5869   130.0000 
11.5347 24.4492  130.0000 
19.7864 13.9694  135.0000 
23.2407 23.7930  135.0000 
16.7038 1.1856   135.0000 
6.1221  14.4180  135.0000 
16.6095 26.0605  135.0000 
26.2372 45.3613  135.0000 
13.4555 32.7148  135.0000 
24.1571 38.7878  135.0000 
27.3038 46.0709  135.0000 
14.6310 47.9294  135.0000 
18.7766 5.8075   135.0000 
14.1971 25.2808  135.0000 
25.0598 42.6208  135.0000 
12.6782 21.3562  135.0000 
0.8835  29.5654  135.0000 
19.5062 9.3353   135.0000 
2.9187  16.3208  135.0000 
20.8044 5.8929   135.0000 
21.0315 29.1641  135.0000 
28.1717 33.5297  135.0000 
4.8303  44.4962  140.0000 
25.0983 44.7296  140.0000 
18.9413 18.6981  140.0000 
21.9681 3.2379   140.0000 
25.4553 32.1625  140.0000 
25.5533 42.7811  140.0000 
6.9772  30.2856  140.0000 
13.9801 48.5474  140.0000 
18.7207 19.2551  140.0000 
23.0612 31.7261  140.0000 
13.0801 49.4232  140.0000 
14.9661 42.4255  140.0000 
15.1245 44.1040  140.0000 
25.1505 41.2949  140.0000 
12.4448 6.5811   140.0000 
18.4772 25.1282  140.0000 
17.7914 13.1592  140.0000 
10.4846 26.8097  140.0000 
27.9492 25.0580  140.0000 
4.7214  34.8663  140.0000 
7.2739  26.9684  145.0000 
2.0984  2.9770   145.0000 
9.3375  25.0839  145.0000 
23.1848 44.7235  145.0000 
25.1138 12.4084  145.0000 
9.3942  33.9203  145.0000 
1.1472  34.1705  145.0000 
23.9960 5.8121   145.0000 
6.1386  11.1496  145.0000 
18.8818 29.4724  145.0000 
29.3866 3.7109   145.0000 
8.0429  46.6965  145.0000 
19.5218 24.3958  145.0000 
3.6713  47.7158  145.0000 
6.9708  31.8359  145.0000 
15.8441 29.0482  145.0000 
18.5880 13.8519  145.0000 
11.7151 3.7720   145.0000 
17.8949 42.5079  145.0000 
15.1593 9.5703   145.0000 
29.3628 8.9554   150.0000 
2.8006  34.8343  150.0000 
20.1682 20.8801  150.0000 
17.3639 8.1482   150.0000 
27.8806 20.3506  150.0000 
4.2929  21.4645  150.0000 
17.4911 4.8950   150.0000 
2.5598  32.2784  150.0000 
16.2415 9.6146   150.0000 
15.6235 15.1276  150.0000 
9.6863  33.1360  150.0000 
13.4473 7.7194   150.0000 
27.4118 15.2359  150.0000 
21.5396 21.9864  150.0000 
21.8765 48.9273  150.0000 
27.9382 15.4144  150.0000 
28.7796 34.8389  150.0000 
24.0875 42.9291  150.0000 
2.4179  10.6873  150.0000 
0.5283  34.6527  150.0000 
24.4620 13.6627  155.0000 
3.3618  19.8700  155.0000 
9.5773  8.5327   155.0000 
12.4063 42.4820  155.0000 
26.3562 39.2868  155.0000 
16.9931 38.2858  155.0000 
26.9604 37.1246  155.0000 
20.3320 19.3771  155.0000 
13.9481 42.6056  155.0000 
18.3948 36.0001  155.0000 
7.6950  24.7742  155.0000 
14.2438 11.1465  155.0000 
2.8647  5.0598   155.0000 
23.7497 18.2251  155.0000 
27.3569 18.7897  155.0000 
13.6313 47.1039  155.0000 
12.1765 22.1039  155.0000 
27.7560 28.8528  155.0000 
5.6534  27.0874  155.0000 
22.6483 14.4806  155.0000 
20.4584 22.9462  160.0000 
28.1195 27.9922  160.0000 
16.8494 16.0309  160.0000 
3.9862  39.0823  160.0000 
0.5878  46.5134  160.0000 
8.7927  25.7584  160.0000 
18.9514 14.5432  160.0000 
21.4856 22.2168  160.0000 
3.3032  23.6816  160.0000 
1.9711  22.3083  160.0000 
21.6321 24.4492  160.0000 
11.5045 33.8455  160.0000 
19.5099 15.7562  160.0000 
18.8324 4.1382   160.0000 
2.9132  37.0850  160.0000 
23.0392 12.0026  160.0000 
11.3287 9.1904   160.0000 
29.0295 46.6141  160.0000 
24.5947 6.1462   160.0000 
26.5851 18.4616  160.0000 
21.9077 16.5695  165.0000 
18.9331 22.7661  165.0000 
6.4352  26.7914  165.0000 
11.7599 0.6424   165.0000 
3.9725  33.8348  165.0000 
8.6224  18.3243  165.0000 
29.0790 20.9854  165.0000 
13.6688 9.7824   165.0000 
27.1326 3.7598   165.0000 
27.6324 3.0121   165.0000 
25.7391 29.1138  165.0000 
8.0191  25.3479  165.0000 
23.9355 35.6750  165.0000 
19.4366 8.0780   165.0000 
2.6248  7.8262   165.0000 
4.9915  35.6964  165.0000 
4.6729  31.4484  165.0000 
4.6994  10.0937  165.0000 
8.1207  34.1385  165.0000 
11.8533 24.9954  165.0000 
20.9317 17.7078  170.0000 
23.2617 20.9839  170.0000 
0.7205  15.7852  170.0000 
14.3298 16.3803  170.0000 
27.9034 34.3216  170.0000 
4.8853  34.3262  170.0000 
5.7010  7.8247   170.0000 
6.7172  21.3715  170.0000 
5.4355  29.1229  170.0000 
18.7436 27.8763  170.0000 
20.5563 35.4843  170.0000 
10.7547 45.5399  170.0000 
7.8360  8.8867   170.0000 
1.6681  22.3709  170.0000 
29.1733 23.2666  170.0000 
23.2361 0.4181   170.0000 
22.4323 46.5530  170.0000 
15.1346 46.5591  170.0000 
4.7681  30.2979  170.0000 
12.3807 21.6690  170.0000 
26.8698 44.7113  175.0000 
11.0092 8.4915   175.0000 
21.5570 41.9312  175.0000 
22.9495 43.4937  175.0000 
5.1709  5.3192   175.0000 
6.0397  23.0606  175.0000 
25.1935 17.6025  175.0000 
0.1135  29.2999  175.0000 
12.5381 5.6839   175.0000 
5.0995  45.7932  175.0000 
11.9440 44.9203  175.0000 
22.0688 8.6121   175.0000 
18.9102 30.6854  175.0000 
3.1732  12.8830  175.0000 
16.6187 0.0305   175.0000 
11.4038 20.2438  175.0000 
11.2646 11.2564  175.0000 
6.1093  37.4847  175.0000 
29.2511 14.2105  175.0000 
5.2194  11.6989  175.0000 
24.6725 19.1071  180.0000 
10.1019 12.2482  180.0000 
20.5289 46.7194  180.0000 
23.9932 44.8502  180.0000 
12.1060 17.7017  180.0000 
29.9414 18.1168  180.0000 
15.9705 13.9069  180.0000 
19.1977 7.8415   180.0000 
2.9910  19.4824  180.0000 
26.0001 39.3539  180.0000 
8.8577  24.5590  180.0000 
19.6683 33.2550  180.0000 
10.5093 49.3530  180.0000 
29.9780 34.8419  180.0000 
11.9156 21.4981  180.0000 
26.7178 22.5327  180.0000 
17.6596 14.3982  180.0000 
19.3945 15.6174  180.0000 
7.7408  29.4418  180.0000 
18.0066 26.6281  180.0000 
12.0557 29.8645  185.0000 
20.8310 28.6591  185.0000 
7.9788  9.0973   185.0000 
0.1593  32.9300  185.0000 
9.4849  1.3840   185.0000 
21.9214 46.9299  185.0000 
11.2592 17.5156  185.0000 
20.1306 8.4244   185.0000 
6.2137  13.4552  185.0000 
22.0944 15.6647  185.0000 
9.8712  24.6964  185.0000 
15.3223 49.1013  185.0000 
10.0369 24.1623  185.0000 
12.0685 4.9072   185.0000 
15.1959 36.4334  185.0000 
12.4539 35.6323  185.0000 
0.0888  16.1591  185.0000 
2.0920  18.3029  185.0000 
11.8826 23.4207  185.0000 
15.1740 45.2713  185.0000 
25.3940 3.8925   190.0000 
8.9337  8.1345   190.0000 
20.7825 6.6010   190.0000 
0.4340  20.0272  190.0000 
22.1732 47.0795  190.0000 
1.6269  46.6141  190.0000 
0.6244  48.7701  190.0000 
23.5995 41.0767  190.0000 
9.8978  20.4315  190.0000 
15.9650 3.4210   190.0000 
8.4485  2.4261   190.0000 
12.3221 9.4223   190.0000 
6.0956  39.6347  190.0000 
17.7356 29.4907  190.0000 
18.7839 13.8733  190.0000 
29.1522 32.8140  190.0000 
19.9026 43.5745  190.0000 
24.7192 47.0505  190.0000 
1.5756  33.5739  190.0000 
12.9117 18.9102  190.0000 
4.3716  32.8094  195.0000 
7.4313  45.9167  195.0000 
18.8708 32.7423  195.0000 
18.8040 24.6902  195.0000 
7.5238  14.3051  195.0000 
18.6090 36.0275  195.0000 
10.2411 26.2100  195.0000 
27.2873 12.1231  195.0000 
12.1536 2.4048   195.0000 
11.4597 6.2302   195.0000 
16.9702 1.5137   195.0000 
11.6913 10.0739  195.0000 
4.3872  26.0544  195.0000 
6.6504  39.3265  195.0000 
4.9750  4.2557   195.0000 
24.5810 32.4753  195.0000 
0.9805  42.2867  195.0000 
8.0484  33.3603  195.0000 
6.4911  29.7043  195.0000 
2.8738  2.7390   195.0000 
5.3815  5.9402   200.0000 
27.2159 29.1504  200.0000 
10.5029 20.6375  200.0000 
11.7133 34.4193  200.0000 
12.5290 45.6406  200.0000 
6.6522  44.0887  200.0000 
21.9177 21.4584  200.0000 
27.0758 18.1259  200.0000 
2.4088  46.0236  200.0000 
1.7834  12.1719  200.0000 
19.5026 38.5345  200.0000 
7.1494  14.6896  200.0000 
12.3596 36.2167  200.0000 
21.7081 30.2933  200.0000 
22.5568 6.8039   200.0000 
12.4402 4.5807   200.0000 
18.1293 34.5581  200.0000 
8.6874  10.7849  200.0000 
26.3489 12.6282  200.0000 
14.6475 43.5608  200.0000 
13.6734 49.5819  205.0000 
16.3852 40.1993  205.0000 
16.2909 22.8928  205.0000 
24.2780 24.6094  205.0000 
19.7168 37.2360  205.0000 
16.8649 44.3573  205.0000 
0.8688  20.3568  205.0000 
27.0108 46.0861  205.0000 
21.0544 14.3677  205.0000 
26.3297 9.6298   205.0000 
3.3243  45.2576  205.0000 
28.8181 36.1343  205.0000 
12.6077 28.4424  205.0000 
9.6121  10.4813  205.0000 
12.0850 43.1595  205.0000 
29.8306 33.3572  205.0000 
4.2270  33.5251  205.0000 
13.4207 43.2556  205.0000 
9.9399  19.0598  205.0000 
16.9565 23.7289  205.0000 
14.2493 22.5037  210.0000 
18.3279 16.2186  210.0000 
21.9717 47.7325  210.0000 
5.2460  33.7524  210.0000 
21.7996 15.5701  210.0000 
19.5163 45.8435  210.0000 
2.2394  40.3397  210.0000 
8.0099  29.8828  210.0000 
27.8494 4.9393   210.0000 
6.2677  9.3552   210.0000 
9.2020  17.2729  210.0000 
25.6870 24.1837  210.0000 
15.0183 5.8350   210.0000 
20.2075 3.5126   210.0000 
9.9033  37.2665  210.0000 
23.4595 36.2457  210.0000 
16.1298 13.7070  210.0000 
22.2931 9.6512   210.0000 
2.8976  32.7347  210.0000 
17.6257 11.3464  210.0000 
21.5158 17.7170  215.0000 
18.5623 14.9734  215.0000 
9.9335  1.3870   215.0000 
0.7077  44.8730  215.0000 
25.0717 20.4575  215.0000 
24.6194 40.0864  215.0000 
26.3800 4.0726   215.0000 
5.3284  12.9745  215.0000 
29.0616 13.9328  215.0000 
18.8809 22.7890  215.0000 
20.4071 18.8812  215.0000 
6.8216  9.4864   215.0000 
7.6703  11.7844  215.0000 
4.5676  8.1161   215.0000 
10.9186 1.4984   215.0000 
24.6048 39.0854  215.0000 
9.3118  37.7640  215.0000 
0.4459  44.6198  215.0000 
14.2264 1.8036   215.0000 
2.2897  16.7130  215.0000 
7.6804  20.4681  220.0000 
20.3174 36.9156  220.0000 
9.4839  36.7249  220.0000 
6.5561  23.2315  220.0000 
11.5594 44.3085  220.0000 
11.2665 4.4693   220.0000 
12.8659 19.3390  220.0000 
24.7650 17.3416  220.0000 
13.3713 6.7368   220.0000 
20.6488 46.6339  220.0000 
20.4959 44.2215  220.0000 
21.3281 3.7491   220.0000 
16.4841 31.7291  220.0000 
21.8344 13.9435  220.0000 
0.1263  29.0512  220.0000 
12.8220 7.5714   220.0000 
21.2695 39.5065  220.0000 
28.7009 35.6445  220.0000 
21.5707 12.4603  220.0000 
11.8579 5.0110   220.0000 
29.9030 22.5098  225.0000 
18.8736 3.4927   225.0000 
15.8798 8.1329   225.0000 
19.6994 10.2615  225.0000 
9.9179  27.6321  225.0000 
25.7181 11.7905  225.0000 
3.2758  15.1657  225.0000 
7.6273  18.6768  225.0000 
26.5173 44.6945  225.0000 
9.0848  3.6697   225.0000 
9.8273  34.6558  225.0000 
7.0569  6.1829   225.0000 
3.6191  1.1658   225.0000 
14.7986 23.6389  225.0000 
2.8793  42.5674  225.0000 
8.4091  34.9396  225.0000 
13.6688 13.1470  225.0000 
22.9019 26.3702  225.0000 
25.2383 18.8202  225.0000 
28.7210 15.2634  225.0000 
16.1874 42.5964  230.0000 
24.6469 41.7313  230.0000 
18.0954 32.6508  230.0000 
18.0203 23.7778  230.0000 
5.0821  10.8002  230.0000 
28.2376 46.0876  230.0000 
22.7115 34.2056  230.0000 
24.4373 27.8412  230.0000 
24.6982 18.1061  230.0000 
23.3231 39.8300  230.0000 
10.8408 2.4017   230.0000 
18.0716 16.2033  230.0000 
24.6222 19.8975  230.0000 
24.2377 31.1676  230.0000 
3.9166  49.0204  230.0000 
3.6163  35.9192  230.0000 
3.2391  8.8196   230.0000 
11.9934 26.1673  230.0000 
0.9778  29.0634  230.0000 
1.7157  35.5164  230.0000 
20.0372 3.2532   235.0000 
15.0247 25.0473  235.0000 
15.3488 7.3517   235.0000 
19.0897 14.4058  235.0000 
16.6608 42.0502  235.0000 
28.6780 24.7055  235.0000 
10.0708 31.3812  235.0000 
7.3975  28.5507  235.0000 
16.7157 35.4965  235.0000 
13.4537 27.5162  235.0000 
2.0782  10.4156  235.0000 
20.8557 2.3712   235.0000 
14.3243 22.5540  235.0000 
2.0023  6.3705   235.0000 
5.1324  0.8530   235.0000 
2.6056  46.9238  235.0000 
1.4301  34.3231  235.0000 
14.8618 25.9598  235.0000 
21.4975 47.8088  235.0000 
9.8309  34.2972  235.0000 
13.8519 13.7787  240.0000 
24.9509 20.3186  240.0000 
22.3737 32.9819  240.0000 
7.6227  28.2898  240.0000 
16.0904 41.7435  240.0000 
0.8130  26.6113  240.0000 
7.0743  28.7521  240.0000 
11.5997 21.3211  240.0000 
14.8792 19.1147  240.0000 
28.6084 25.1740  240.0000 
20.9573 8.5266   240.0000 
9.2725  27.5909  240.0000 
11.4935 5.3375   240.0000 
2.8546  35.8017  240.0000 
12.1014 13.3499  240.0000 
20.1645 32.4966  240.0000 
2.8024  13.1409  240.0000 
25.9186 20.2866  240.0000 
6.7419  24.7467  240.0000 
24.6735 48.2986  240.0000 
1.0730  9.5001   245.0000 
16.2625 41.2094  245.0000 
3.4442  43.8339  245.0000 
1.6946  26.0330  245.0000 
12.5290 22.8790  245.0000 
25.4306 26.9760  245.0000 
6.0379  26.6602  245.0000 
14.9854 23.6740  245.0000 
4.6490  6.6925   245.0000 
3.7949  43.1091  245.0000 
15.2930 25.8148  245.0000 
18.2803 30.5496  245.0000 
12.2287 9.0424   245.0000 
5.0473  19.7861  245.0000 
9.3539  38.2813  245.0000 
9.1626  48.0103  245.0000 
22.1796 48.6908  245.0000 
19.4394 35.6277  245.0000 
2.9132  9.5322   245.0000 
21.6769 26.3306  245.0000 
